0.0001996705036486453048745320469
0.0001400536376316531923732398985
0.0001374105376245881379937663871
0.0003225076272712079982397667436
0.0001100484489157256732354769454
0.00007694557972832052503234489965
0.0001156588243268426594555309930
0.0001801572817981005501575613162
0.0003787855516811467260343230846
0.0002022447542153558578087295194
0.0001114756710449500932283325011
0.0002032239690442661725059585030
0.0001317024672918079443269044908
0.0001907360118380047193783777779
0.00004016486251364762799952166117
0.00006619658896234512531814564329
0.00004258439695918766293632846717
0.00007797119960469367245684636247
0.0001971036028872714582458291713
0.00004400014540026484127246671514
0
0.0001001735907388005120008170474
0.0001326041176598554759617391253
0.0003139870839818154329649330207
0.0001595578879834506960827656881
0.0001019211108075175102992343297
0.00002137719761388693369149157918
0.0002490823287839613785330174545
0.0001769531611026349439688878426
0.0001733731749554371920993627872
0.0001424719232321033211228469862
0.0001990898511759251600319532153
0.0001188038736758141850943098866
0.00005429654548329718734697338372
0.0001612008997430269409535598531
0.00009285877181041437750359571909
0.0001106951695338395293598874816
0.0001201707829354620887460667594
0.0001418618860010902486701953176
0.0001395917186523965915824711358
0.0001778786858652834962043708115
0.0005482490801550857200021761641
0.0002089840790309440048604038097
0.00004342773421389582849090244263
0.0001875034012527172715606916601
0.000122091696580241940271539767
0.0001292503614436239119054137958
0.0006309114988387475079572576041
0.0001339886769743583504011006602
0.0000938567860679932222996510438
0.0002280798466367109403511479762
0.0001484117246674059673377988943
0.0001208604107820158342805264959
0.0002670216966004079497521270503
0.0001599437692389338906337053596
0.0003534951394362930356304824365
0.0001351980222281004081909033701
0.0001916759094729685724593202559
0.0001159485858046570427092496059
0.0001534996873368578556177065288
0.0003118137517158606076490263972
0.0001014334347882671133806528596
0.00004362558983039986024594373345
0.0003155271057363125560325458591
0.0001601037256635626523985812202
0.000108103130578429123409387278
0.00009879212980840441356196324224
